surfaceInfo="A3\data_f\Penetration\cloth.bisurf";
diffuse[]={0.75,0.80000001,0.30000001,1};
ambient[]={0.75,0.80000001,0.30000001,1};
