surfaceInfo="A3\data_f\Penetration\metal_plate.bisurf";
ambient[]={0.69999999,0.80000001,0.77999997,1};
diffuse[]={0.69999999,0.80000001,0.77999997,1};
forcedDiffuse[]={0,0,0,0};
emmisive[]={0,0,0,1};
specular[]={0,0,0,1};
specularPower=1;
PixelShaderID="Normal";
VertexShaderID="Basic";
