surfaceInfo="A3\data_f\Penetration\plastic.bisurf";
diffuse[]={0.89999998,0.80000001,0.60000002,1};
ambient[]={0.89999998,0.80000001,0.60000002,1};
